000059513
000055541
000055565
000123971
000059694
000056750
000059695
000059696
000056751
000059698
000059697
000059699
000056752
000059700
000056753
000056754
000059701
000059702
000055852
000059703
000056755
000055853
000056756
000055854
000059704
000056757
000055855
000059705
000059706
000059713
000058995
000055856
000059707
000056758
000059692
000059708
000059709
000059870
000059714
000055569
000056759
000055570
000059716
000060072
000059710
000059626
000056760
000059431
000059627
000059824
000059628
000059629
000059630
000059711
000059712
000059430
000059429
000059550
000055857
000055858
000059717
000059127
000059631
000059432
000059128
000059718
000055542
000059028
000059029
000059030
000059031
000056761
000055543
000055544
000055859
000059425
000059032
000059503
000059504
000059426
000059033
000059034
000055545
000059035
000059632
000059500
000055571
000055546
000059633
000059501
000059634
000059516
000059502
000059433
000060073
000059517
000059635
000059636
000059129
000059637
000059518
000059303
000059528
000059304
000059519
000059520
000059130
000055566
000059521

000059719
000059720
000059305
000059871
000059638
000055572
000059306
000059615
000059639
000059131
000059640
000059009
000059307
000059308
000055573
000059641
000059642
000055547
000059010
000059643
000055548
000059309
000059644
000059515
000059645
000059646
000059011
000059310
000059647
000056762
000059119
000059648
000059649
000055549
000056763
000059299
000059650
000059120
000056764
000059651
000059652
000059121
000059653
000059313
000059314
000059654
000059655
000056765
000055550
000059523
000059656
000059657
000059658
000059524
000059315
000059316
000059514
000059123
000059317
000059525
000059180
000059526
000059318
000059181
000059113
000059182
000059320
000059114
000059183
000059322
000059300
000059527
000059012
000059122
000059115
000057671
000059184
000059323
000059013
000059124
000057672
000059116
000059185
000059324
000059301
000059186
000059187
000056766
000059325
000057673
000059188
000057674
000059327
000059189
000059190
000055860
000059326
000059328
000056640
000059191
000057675
000057676
000056641
000059125
000056642
000057677
000056767
000057678
000056643
000059192
000056644
000056645
000059193
000056768
000059302
000059194
000059329
000056646
000059330
000057679
000059331
000056647
000059195
000056648
000300161
000056649
000056650
000056651
000059196
000059036
000056652
000059037
000059332
000056653
000057680
000059529
000056654
000057681
000059530
000059878
000057682
000059038
000059197
000059531
000057683
000059333
000059538
000059334
000057684
000059204
000056655
000057685
000056656
000059198
000057686
000059199
000056657
000056658
000059335
000057687
000056659
000065657
000056660
000059539
000059336
000057688
000059659
000059126
000056661
000059337
000057689
000056662
000059200
000057690
000086907
000059201
000059338
000059339
000059872
000056663
000059203
000057691
000059340
000056664
000059873
000056665
000065656
000059132
000059874
000057692
000059050
000057693
000056666
000057694
000059341
000059533
000056667
000056668
000059342
000057695
000059660
000059133
000059661
000057696
000057697
000056822
000058997
000059205
000056669
000059206
000056670
000059207
000059134
000056671
000059208
000059343
000057698
000056672
000056673
000059135
000058998
000056674
000056675
000059209
000059039
000059344
000057699
000057700
000059210
000059211
000059212
000057701
000059345
000058999
000057703
000055551
000059000
000059001
000059040
000059002
000059213
000057702
000059228
000059108
000059505
000059095
000059427
000057704
000059003
000059041
000059004
000059136
000059346
000059109
000055552
000059534
000059048
000059005
000059049
000059006
000055553
000059214
000059365
000059215
000059216
000057705
000057706
000059662
000059535
000055861
000059110
000057707
000059007
000059042
000056676
000056677
000059043
000059347
000059348
000056678
000056679
000059217
000059218
000059219
000059220
000057708
000059221
000056681
000059222
000059223
000057709
000057710
000060074
000056682
000056680
000056683
000059111
000059224
000059225
000055554
000059226
000059112
000057711
000057712
000055555
000059349
000059269
000059270
000059271
000057713
000055556
000059227
000055557
000059229
000057714
000056684
000059230
000059231
000059350
000055558
000056685
000059232
000059137
000059233
000059234
000059235
000059351
000055559
000057715
000059236
000059237
000059238
000056686
000059352
000057716
000057717
000059239
000059240
000059241
000059242
000059353
000056687
000059243
000056688
000059244
000059245
000055560
000059354
000056689
000057718
000056690
000059355
000059246
000059044
000059248
000059247
000059249
000059250
000055561
000056691
000059251
000059356
000059252
000057719
000057720
000059253
000059254
000059143
000056692
000059255
000059144
000059256
000059257
000059258
000059259
000059260
000059357
000059261
000059262
000059263
000059536
000059264
000059265
000059537
000059266
000059267
000059358
000057721
000059268
000059663
000059272
000059045
000057722
000059359
000055562
000059020
000059021
000059022
000059273
000059023
000057723
000059024
000059025
000059138
000059360
000059046
000057724
000055563
000059361
000057725
000059274
000059026
000059275
000059506
000059507
000059107
000057726
000059362
000059276
000057727
000059363
000059027
000059428
000059018
000057728
000057729
000055564
000056816
000059019
000059117
000059364
000057730
000056693
000056694
000058996
000059277
000056695
000059278
000059279
000059280
000059281
000056817
000056696
000059282
000056697
000056698
000056699
000057731
000059283
000057732
000059284
000056818
000057733
000059285
000057734
000057735
000057736
000059286
000057737
000059287
000056700
000059139
000059664
000056701
000056702
000059288
000059289
000057738
000056703
000057739
000059008
000057740
000059290
000056704
000057741
000057742
000056705
000057743
000056706
000059291
000057744
000056707
000057745
000056821
000057746
000057747
000057748
000056819
000057749
000057750
000057751
000059140
000056708
000057510
000059292
000056709
000057752
000056710
000059293
000057753
000059294
000057754
000056711
000059295
000056712
000056713
000057755
000056714
000057756
000057757
000056715
000057758
000057759
000057760
000057761
000056716
000057762
000056717
000057763
000056718
000056719
000056720
000057764
000056721
000057765
000056723
000056722
000056724
000056725
000056726
000056388
000056389
000056820
000056390
000056391
000056727
000056392
000056728
000056833
000056729
000056393
000056730
000056731
000056732
000056394
000059141
000056395
000056396
000056397
000056398
000056399
000056400
000056733
000056401
000056734
000056735
000056402
000056403
000056736
000056737
000056404
000055018
000056405
000056406
000056407
000056408
000054774
000056409
000056410
000056738
000056739
000056740
000056411
000056741
000056742
000056743
000056412
000056744
000059142
000055365
000056745
000060068
000056413
000056746
000055187
000056414
000056415
000054783
000056416
000055364
000055188
000059118
000056417
000059608
000055189
000054787
000055190
000056418
000056419
000056420
000056421
000056747
000056748
000055274
000056422
000056423
000056424
000055250
000058870
000056425
000059179
000056426
000059296
000056427
000056428
000059297
000056429
000056430
000059298
000056431
000056432
000056433
000056434
000059052
000060059
000056435
000059721
000055251
000059172
000056436
000056437
000056438
000055728
000056439
000059173
000056440
000055729
000056441
000056442
000056443
000059053
000056444
000055730
000056445
000055731
000056446
000055732
000059054
000056447
000056448
000055733
000056449
000059055
000055734
000056450
000055735
000055736
000054775
000055737
000059056
000054989
000054776
000055738
000056451
000054777
000055739
000056452
000059057
000055740
000059058
000056453
000055741
000055742
000056454
000055743
000056455
000055744
000055745
000055746
000059508
000059059
000059509
000059060
000056456
000054778
000055747
000056457
000055748
000056458
000055749
000056459
000056460
000056461
000056462
000059510
000055635
000055636
000054779
000055244
000056516
000056463
000055637
000055750
000059665
000059047
000055638
000059061
000058994
000056464
000054780
000055639
000056465
000056526
000059666
000055751
000055245
000055752
000059667
000055640
000055753
000059668
000056466
000059669
000055641
000056467
000054781
000055754
000059670
000055755
000055642
000056468
000059671
000056557
000055756
000056469
000059672
000056470
000055192
000059062
000059511
000059673
000055643
000059674
000055757
000054843
000055758
000055644
000055645
000056471
000055646
000056472
000056473
000054808
000056474
000056475
000056476
000059434
000056477
000054809
000056478
000055647
000056479
000056480
000055648
000056481
000054810
000055649
000059149
000056482
000055650
000054811
000055193
000056483
000058790
000056484
000054812
000058348
000057993
000058349
000056485
000058791
000056486
000058512
000058350
000054813
000058513
000058351
000059063
000058352
000058353
000059065
000059066
000059067
000058792
000059068
000058354
000054814
000056487
000056488
000058514
000056489
000055651
000058355
000058356
000058357
000059069
000059070
000056490
000058358
000058515
000057994
000057490
000059071
000055194
000057491
000057492
000058359
000058360
000056492
000055233
000056493
000055243
000059150
000058361
000059512
000056494
000055234
000054838
000058362
000058363
000054815
000055106
000056495
000054845
000058364
000054840
000054839
000058289
000055107
000055294
000057995
000056496
000056497
000055108
000058083
000056498
000058967
000058968
000058084
000058969
000058085
000058966
000058086
000055292
000055109
000059145
000055110
000058526
000058087
000059146
000058365
000058088
000058089
000054841
000058090
000058091
000055293
000055290
000055291
000058092
000055298
000055235
000058970
000058093
000055113
000058094
000055112
000055295
000055115
000055114
000058464
000058096
000055117
000057996
000055296
000057997
000055116
000058097
000055155
000057998
000055297
000057999
000058000
000056499
000054816
000058001
000058002
000055268
000058260
000058261
000058262
000058263
000059072
000058582
000059073
000058264
000058265
000058266
000058099
000059151
000058098
000059152
000055299
000058003
000059153
000055111
000058004
000058267
000059074
000058005
000058269
000059075
000058268
000055118
000058006
000059076
000055156
000058007
000058100
000056500
000059077
000056501
000058270
000058271
000059078
000059079
000059080
000058101
000058008
000055119
000058272
000059081
000055362
000058273
000059082
000058009
000059083
000055120
000055122
000059084
000058010
000055121
000058102
000058011
000055157
000059085
000055123
000058012
000058013
000058103
000058014
000059155
000058015
000058016
000058017
000058018
000058274
000058019
000058021
000058022
000058023
000058024
000058025
000059014
000055158
000058026
000058275
000059015
000058027
000055124
000058028
000058029
000058030
000058276
000058031
000058277
000058278
000058032
000058279
000058280
000059154
000058033
000058034
000058035
000058036
000058037
000058038
000058039
000058040
000058041
000058281
000058042
000058282
000055759
000058043
000058104
000058283
000058045
000058046
000058044
000058047
000058048
000059087
000059086
000059088
000058049
000057969
000058105
000058050
000058051
000054842
000055125
000058106
000058052
000058053
000058054
000058055
000059016
000059089
000059090
000058107
000058108
000058056
000057971
000058109
000058110
000058057
000058058
000058111
000058059
000058060
000058284
000058285
000058112
000058286
000058287
000058113
000059156
000058114
000058115
000059157
000058061
000058116
000055230
000058062
000058117
000058118
000059158
000058119
000055231
000059159
000055232
000058063
000055159
000058120
000055236
000058332
000055126
000058064
000058804
000058122
000058805
000055127
000055128
000058806
000058123
000058333
000058807
000058124
000058808
000058809
000055129
000054846
000058812
000054847
000058130
000058378
000054848
000055078
000054992
000055130
000054849
000058125
000055131
000058971
000055133
000058972
000055132
000058973
000055134
000055136
000055135
000058387
000058729
000059017
000055137
000054818
000058388
000055138
000058131
000058389
000058860
000058069
000058730
000058390
000059147
000058861
000059148
000054990
000055139
000058731
000055140
000059091
000059092
000058288
000059093
000055141
000058391
000059094
000058392
000058393
000058394
000058395
000058397
000058398
000058399
000058400
000058396
000058401
000058402
000058403
000058404
000058405
000058335
000058406
000054801
000054820
000054821
000058517
000054802
000058408
000058409
000058410
000058411
000058413
000057919
000058736
000058337
000055142
000058862
000058821
000058737
000058822
000058738
000058739
000058740
000054803
000055160
000058415
000058414
000058741
000054993
000054850
000058742
000058743
000058744
000055169
000055170
000055171
000058416
000058417
000058745
000058418
000058419
000055172
000055173
000054804
000055089
000055174
000058339
000058140
000058746
000055196
000055162
000058420
000054805
000058454
000058747
000055090
000055091
000055269
000058748
000055092
000058309
000055270
000058455
000058142
000055271
000058749
000055272
000055273
000055093
000058143
000058456
000055094
000058422
000058750
000058781
000055095
000058457
000055333
000055096
000054806
000058788
000058751
000058896
000058458
000058518
000055300
000058519
000055097
000058144
000058752
000058459
000055098
000058460
000058442
000058753
000058897
000055099
000058443
000054807
000058444
000058754
000058445
000058145
000058446
000058423
000058755
000058424
000058756
000058146
000055181
000058789
000054800
000058147
000058148
000058149
000055336
000055175
000054822
000058150
000058425
000058151
000058938
000058917
000058152
000057991
000057992
000058153
000058722
000058918
000058154
000055176
000058155
000058712
000058156
000055161
000058157
000058899
000058723
000058158
000058724
000058159
000058900
000058160
000058072
000054823
000058161
000058725
000058713
000058939
000058162
000058341
000055166
000058940
000058164
000058714
000058426
000058166
000058427
000058165
000058726
000058715
000055177
000058428
000055167
000058073
000058167
000058429
000058168
000058465
000058898
000058903
000058768
000058169
000055163
000058170
000058171
000058172
000058905
000058430
000058173
000055178
000058174
000058175
000058769
000058176
000058177
000055143
000058770
000055237
000055179
000058346
000058345
000058179
000058180
000058181
000058182
000058771
000055360
000058183
000058772
000055182
000058184
000058185
000055183
000058186
000055079
000055253
000054825
000058187
000058188
000058189
000058190
000058191
000054826
000058192
000058773
000054827
000055164
000058194
000054828
000058195
000058881
000058196
000055326
000054830
000058774
000058197
000055200
000055201
000058198
000058199
000058200
000058883
000054829
000058201
000058431
000058202
000055202
000054831
000058885
000058466
000058467
000055203
000058468
000058775
000058203
000055165
000058469
000058470
000054832
000058204
000055081
000058471
000058776
000058472
000055082
000055083
000054833
000055259
000055260
000058205
000058473
000054834
000058206
000058078
000055369
000058432
000054757
000054758
000058207
000054835
000265879
000054836
000055205
000058908
000055084
000058887
000058433
000058208
000055101
000055206
000058777
000055207
000058209
000055085
000058210
000058778
000058211
000058212
000054761
000054762
000054763
000054759
000058907
000058213
000055184
000057972
000058214
000054764
000055086
000058434
000058215
000058216
000054765
000058217
000057973
000058218
000057974
000054766
000057980
000058866
000055208
000058219
000058801
000058221
000058220
000058474
000054767
000058718
000058719
000058222
000058720
000058721
000055209
000055087
000058223
000054756
000054760
000058224
000055277
000055185
000055186
000055180
000058310
000055102
000265880
000058225
000055211
000058226
000058227
000265881
000055213
000058228
000058229
000058230
000265882
000055198
000055199
000058890
000054768
000265912
000058231
000055216
000058435
000055217
000055103
000058436
000054994
000265913
000055261
000055262
000058232
000058233
000058234
000058235
000055219
000055263
000058891
000058892
000265914
000058878
000058236
000058237
000055104
000058238
000058239
000058894
000054782
000055105
000055168
000055221
000055222
000055223
000055224
000055225
000054986
000058240
000054987
000055226
000054988
000058241
000055227
000055228
000058242
000054985
000058243
000058244
000058245
000054769
000057981
000058246
000058247
000054770
000058779
000058780
000058500
000058501
000055321
000054771
000054998
000054772
000055000
000058872
000055002
000058873
000058437
000058438
000060083
000058909
000058910
000060087
000060085
000060086
000060084
000060089
000060090
000060091
000060092
000060081
000060082
000060093
000123971
000055569

